#y d_sigma_dy_GLC d_sigma_dy_BG
-7.45629 6.54661e-55 9.46463e-55
-7.38172 6.09782e-13 5.87438e-13
-7.30716 6.26515e-10 6.03899e-10
-7.2326 3.13613e-08 3.02469e-08
-7.15803 4.56841e-07 4.40879e-07
-7.08347 3.39049e-06 3.27426e-06
-7.00891 1.6451e-05 1.58992e-05
-6.93435 5.96066e-05 5.76586e-05
-6.85978 0.00017459 0.00016906
-6.78522 0.000435082 0.00042181
-6.71066 0.000955215 0.000927376
-6.63609 0.00189415 0.0018419
-6.56153 0.00345531 0.00336611
-6.48697 0.00588004 0.00573986
-6.41241 0.00943651 0.00923206
-6.33784 0.0144053 0.0141272
-6.26328 0.0210636 0.0207106
-6.18872 0.0296703 0.0292533
-6.11415 0.0404522 0.0399989
-6.03959 0.0535943 0.0531529
-5.96503 0.0692324 0.0688751
-5.89047 0.0874502 0.0872754
-5.8159 0.108279 0.108413
-5.74134 0.131702 0.132296
-5.66678 0.157654 0.158889
-5.59221 0.186035 0.188113
-5.51765 0.216709 0.219856
-5.44309 0.249519 0.253978
-5.36853 0.284287 0.290317
-5.29396 0.320823 0.328695
-5.2194 0.358935 0.368926
-5.14484 0.398427 0.410821
-5.07027 0.43911 0.454195
-4.99571 0.480805 0.498869
-4.92115 0.523349 0.544682
-4.84659 0.566599 0.591494
-4.77202 0.610438 0.639197
-4.69746 0.654784 0.687721
-4.6229 0.699594 0.737046
-4.54833 0.744873 0.787207
-4.47377 0.790676 0.838305
-4.39921 0.837111 0.890504
-4.32465 0.88434 0.94404
-4.25008 0.932576 0.999206
-4.17552 0.982074 1.05635
-4.10096 1.03312 1.11586
-4.02639 1.08603 1.17813
-3.95183 1.1411 1.24358
-3.87727 1.19865 1.3126
-3.80271 1.25895 1.38553
-3.72814 1.32223 1.46266
-3.65358 1.38868 1.54421
-3.57902 1.45843 1.63032
-3.50445 1.53153 1.72105
-3.42989 1.60798 1.81634
-3.35533 1.6877 1.91608
-3.28077 1.77057 2.02004
-3.2062 1.85639 2.12796
-3.13164 1.9449 2.23946
-3.05708 2.03584 2.35417
-2.98251 2.12888 2.47162
-2.90795 2.22367 2.59134
-2.83339 2.31986 2.71286
-2.75883 2.41708 2.83566
-2.68426 2.51495 2.95926
-2.6097 2.61312 3.08316
-2.53514 2.71122 3.2069
-2.46057 2.80891 3.33002
-2.38601 2.90588 3.45211
-2.31145 3.0018 3.57276
-2.23689 3.09639 3.69161
-2.16232 3.1894 3.80833
-2.08776 3.28058 3.92261
-2.0132 3.3697 4.03417
-1.93863 3.45658 4.14278
-1.86407 3.54103 4.24821
-1.78951 3.62289 4.35027
-1.71495 3.70202 4.44879
-1.64038 3.7783 4.54364
-1.56582 3.85162 4.63469
-1.49126 3.92189 4.72183
-1.41669 3.98902 4.80497
-1.34213 4.05295 4.88405
-1.26757 4.11362 4.959
-1.19301 4.17098 5.02978
-1.11844 4.22498 5.09634
-1.04388 4.27559 5.15865
-0.969317 4.32278 5.2167
-0.894754 4.36654 5.27047
-0.820191 4.40684 5.31994
-0.745629 4.44366 5.3651
-0.671066 4.477 5.40597
-0.596503 4.50684 5.44252
-0.52194 4.53319 5.47476
-0.447377 4.55603 5.5027
-0.372814 4.57536 5.52634
-0.298251 4.59117 5.54567
-0.223689 4.60348 5.5607
-0.149126 4.61227 5.57144
-0.0745629 4.61754 5.57788
-0 4.6193 5.58003
0.0745629 4.61754 5.57788
0.149126 4.61227 5.57144
0.223689 4.60348 5.5607
0.298251 4.59117 5.54567
0.372814 4.57536 5.52634
0.447377 4.55603 5.5027
0.52194 4.53319 5.47476
0.596503 4.50684 5.44252
0.671066 4.477 5.40597
0.745629 4.44366 5.3651
0.820191 4.40684 5.31994
0.894754 4.36654 5.27047
0.969317 4.32278 5.2167
1.04388 4.27559 5.15865
1.11844 4.22498 5.09634
1.19301 4.17098 5.02978
1.26757 4.11362 4.959
1.34213 4.05295 4.88405
1.41669 3.98902 4.80497
1.49126 3.92189 4.72183
1.56582 3.85162 4.63469
1.64038 3.7783 4.54364
1.71495 3.70202 4.44879
1.78951 3.62289 4.35027
1.86407 3.54103 4.24821
1.93863 3.45658 4.14278
2.0132 3.3697 4.03417
2.08776 3.28058 3.92261
2.16232 3.1894 3.80833
2.23689 3.09639 3.69161
2.31145 3.0018 3.57276
2.38601 2.90588 3.45211
2.46057 2.80891 3.33002
2.53514 2.71122 3.2069
2.6097 2.61312 3.08316
2.68426 2.51495 2.95926
2.75883 2.41708 2.83566
2.83339 2.31986 2.71286
2.90795 2.22367 2.59134
2.98251 2.12888 2.47162
3.05708 2.03584 2.35417
3.13164 1.9449 2.23946
3.2062 1.85639 2.12796
3.28077 1.77057 2.02004
3.35533 1.6877 1.91608
3.42989 1.60798 1.81634
3.50445 1.53153 1.72105
3.57902 1.45843 1.63032
3.65358 1.38868 1.54421
3.72814 1.32223 1.46266
3.80271 1.25895 1.38553
3.87727 1.19865 1.3126
3.95183 1.1411 1.24358
4.02639 1.08603 1.17813
4.10096 1.03312 1.11586
4.17552 0.982074 1.05635
4.25008 0.932576 0.999206
4.32465 0.88434 0.94404
4.39921 0.837111 0.890504
4.47377 0.790676 0.838305
4.54833 0.744873 0.787207
4.6229 0.699594 0.737046
4.69746 0.654784 0.687721
4.77202 0.610438 0.639197
4.84659 0.566599 0.591494
4.92115 0.523349 0.544682
4.99571 0.480805 0.498869
5.07027 0.43911 0.454195
5.14484 0.398427 0.410821
5.2194 0.358935 0.368926
5.29396 0.320823 0.328695
5.36853 0.284287 0.290317
5.44309 0.249519 0.253978
5.51765 0.216709 0.219856
5.59221 0.186035 0.188113
5.66678 0.157654 0.158889
5.74134 0.131702 0.132296
5.8159 0.108279 0.108413
5.89047 0.0874502 0.0872754
5.96503 0.0692324 0.0688751
6.03959 0.0535943 0.0531529
6.11415 0.0404522 0.0399989
6.18872 0.0296703 0.0292533
6.26328 0.0210636 0.0207106
6.33784 0.0144053 0.0141272
6.41241 0.00943651 0.00923206
6.48697 0.00588004 0.00573986
6.56153 0.00345531 0.00336611
6.63609 0.00189415 0.0018419
6.71066 0.000955215 0.000927376
6.78522 0.000435082 0.00042181
6.85978 0.00017459 0.00016906
6.93435 5.96066e-05 5.76586e-05
7.00891 1.6451e-05 1.58992e-05
7.08347 3.39049e-06 3.27426e-06
7.15803 4.56841e-07 4.40879e-07
7.2326 3.13613e-08 3.02469e-08
7.30716 6.26515e-10 6.03899e-10
7.38172 6.09782e-13 5.87438e-13
7.45629 6.54661e-55 9.46463e-55
