#y d_sigma_dy_GLC d_sigma_dy_BG
-7.45629 4.95886e-31 7.16917e-31
-7.38172 2.83146e-20 2.72771e-20
-7.30716 2.91029e-17 2.80523e-17
-7.2326 1.45742e-15 1.40561e-15
-7.15803 2.12411e-14 2.04981e-14
-7.08347 1.5775e-13 1.52323e-13
-7.00891 7.66129e-13 7.40236e-13
-6.93435 2.77948e-12 2.68728e-12
-6.85978 8.15533e-12 7.89014e-12
-6.78522 2.03696e-11 1.97214e-11
-6.71066 4.48544e-11 4.34621e-11
-6.63609 8.9319e-11 8.66435e-11
-6.56153 1.64206e-10 1.59685e-10
-6.48697 2.85403e-10 2.79841e-10
-6.41241 4.91401e-10 4.95674e-10
-6.33784 9.33717e-10 1.01504e-09
-6.26328 2.28449e-09 2.78002e-09
-6.18872 7.33682e-09 9.71899e-09
-6.11415 2.65375e-08 3.65161e-08
-6.03959 9.49704e-08 1.3241e-07
-5.96503 3.18979e-07 4.46382e-07
-5.89047 9.91369e-07 1.38786e-06
-5.8159 2.84912e-06 3.98534e-06
-5.74134 7.59812e-06 1.06146e-05
-5.66678 1.88898e-05 2.63506e-05
-5.59221 4.39898e-05 6.12691e-05
-5.51765 9.64009e-05 0.000134054
-5.44309 0.000199667 0.000277206
-5.36853 0.000392459 0.000543978
-5.29396 0.000734834 0.00101686
-5.2194 0.00131529 0.00181708
-5.14484 0.00225794 0.00311416
-5.07027 0.0037289 0.00513428
-4.99571 0.00594087 0.00816611
-4.92115 0.00915496 0.0125627
-4.84659 0.013679 0.0187388
-4.77202 0.0198621 0.0271622
-4.69746 0.0280848 0.038341
-4.6229 0.038747 0.0528052
-4.54833 0.0522523 0.0710864
-4.47377 0.0689917 0.093695
-4.39921 0.0893272 0.121098
-4.32465 0.113576 0.1537
-4.25008 0.141999 0.191822
-4.17552 0.174787 0.235693
-4.10096 0.212059 0.285439
-4.02639 0.253853 0.34108
-3.95183 0.300133 0.402531
-3.87727 0.350784 0.469608
-3.80271 0.405627 0.542036
-3.72814 0.464417 0.619458
-3.65358 0.52686 0.701453
-3.57902 0.59262 0.787544
-3.50445 0.661326 0.877216
-3.42989 0.732587 0.969928
-3.35533 0.805998 1.06512
-3.28077 0.881149 1.16225
-3.2062 0.957633 1.26075
-3.13164 1.03505 1.36009
-3.05708 1.11302 1.45976
-2.98251 1.19117 1.55928
-2.90795 1.26916 1.65819
-2.83339 1.34667 1.75608
-2.75883 1.4234 1.85256
-2.68426 1.49908 1.94729
-2.6097 1.57347 2.03995
-2.53514 1.64635 2.13029
-2.46057 1.71752 2.21805
-2.38601 1.78682 2.30303
-2.31145 1.8541 2.38505
-2.23689 1.91923 2.46397
-2.16232 1.9821 2.53967
-2.08776 2.04264 2.61205
-2.0132 2.10075 2.68104
-1.93863 2.1564 2.74659
-1.86407 2.20953 2.80866
-1.78951 2.26012 2.86723
-1.71495 2.30815 2.9223
-1.64038 2.35362 2.97388
-1.56582 2.39651 3.022
-1.49126 2.43685 3.06667
-1.41669 2.47465 3.10795
-1.34213 2.50992 3.14588
-1.26757 2.5427 3.18052
-1.19301 2.57302 3.21191
-1.11844 2.60092 3.24014
-1.04388 2.62643 3.26527
-0.969317 2.6496 3.28736
-0.894754 2.67047 3.30649
-0.820191 2.6891 3.32275
-0.745629 2.70552 3.3362
-0.671066 2.71979 3.34693
-0.596503 2.73196 3.35501
-0.52194 2.74208 3.36053
-0.447377 2.7502 3.36356
-0.372814 2.75639 3.36419
-0.298251 2.76068 3.36249
-0.223689 2.76313 3.35855
-0.149126 2.7638 3.35244
-0.0745629 2.76274 3.34424
0 2.76 3.33403
0.0745629 2.75563 3.32187
0.149126 2.74968 3.30785
0.223689 2.7422 3.29203
0.298251 2.73324 3.2745
0.372814 2.72285 3.2553
0.447377 2.71108 3.23452
0.52194 2.69797 3.21222
0.596503 2.68357 3.18846
0.671066 2.66793 3.1633
0.745629 2.65107 3.13681
0.820191 2.63306 3.10904
0.894754 2.61393 3.08005
0.969317 2.59371 3.04989
1.04388 2.57245 3.01862
1.11844 2.55018 2.98628
1.19301 2.52694 2.95292
1.26757 2.50277 2.9186
1.34213 2.47768 2.88335
1.41669 2.45173 2.84722
1.49126 2.42493 2.81024
1.56582 2.39732 2.77246
1.64038 2.36892 2.73392
1.71495 2.33975 2.69463
1.78951 2.30985 2.65465
1.86407 2.27923 2.61399
1.93863 2.24791 2.57269
2.0132 2.21592 2.53077
2.08776 2.18327 2.48826
2.16232 2.14998 2.44517
2.23689 2.11606 2.40154
2.31145 2.08153 2.35737
2.38601 2.0464 2.31269
2.46057 2.01068 2.26751
2.53514 1.97438 2.22184
2.6097 1.93751 2.1757
2.68426 1.90007 2.1291
2.75883 1.86208 2.08205
2.83339 1.82353 2.03455
2.90795 1.78443 1.98661
2.98251 1.74478 1.93824
3.05708 1.70459 1.88945
3.13164 1.66386 1.84024
3.2062 1.62259 1.79062
3.28077 1.58079 1.74059
3.35533 1.53845 1.69016
3.42989 1.49559 1.63934
3.50445 1.4522 1.58814
3.57902 1.40829 1.53657
3.65358 1.36388 1.48463
3.72814 1.31896 1.43236
3.80271 1.27356 1.37976
3.87727 1.22769 1.32686
3.95183 1.18138 1.27368
4.02639 1.13464 1.22027
4.10096 1.08752 1.16666
4.17552 1.04006 1.1129
4.25008 0.992291 1.05905
4.32465 0.944279 1.00517
4.39921 0.896087 0.95133
4.47377 0.84779 0.897621
4.54833 0.799473 0.844137
4.6229 0.751234 0.790986
4.69746 0.703185 0.738289
4.77202 0.655448 0.686181
4.84659 0.608161 0.634806
4.92115 0.561476 0.584324
4.99571 0.515555 0.534906
5.07027 0.470575 0.486733
5.14484 0.426725 0.439996
5.2194 0.3842 0.394893
5.29396 0.343203 0.351623
5.36853 0.30394 0.310387
5.44309 0.266616 0.27138
5.51765 0.231427 0.234787
5.59221 0.198558 0.200776
5.66678 0.168175 0.169492
5.74134 0.140415 0.141049
5.8159 0.115382 0.115524
5.89047 0.0931383 0.0929521
5.96503 0.0736977 0.0733173
6.03959 0.0570223 0.0565526
6.11415 0.0430183 0.0425362
6.18872 0.031537 0.0310938
6.26328 0.0223781 0.0220031
6.33784 0.015297 0.0150018
6.41241 0.010016 0.00979899
6.48697 0.00623827 0.00608955
6.56153 0.00366416 0.00356957
6.63609 0.00200774 0.00195237
6.71066 0.00101206 0.000982564
6.78522 0.000460775 0.000446719
6.85978 0.000184822 0.000178967
6.93435 6.30733e-05 6.1012e-05
7.00891 1.74006e-05 1.68169e-05
7.08347 3.58474e-06 3.46185e-06
7.15803 4.82821e-07 4.65952e-07
7.2326 3.31318e-08 3.19544e-08
7.30716 6.61626e-10 6.37742e-10
7.38172 6.43708e-13 6.20121e-13
7.45629 6.29218e-38 8.59249e-38
